6
6
6
6
5
4
4
5
6
6
7
7
6
6
6
6
6
6
6
6
7
9
10
11
12
14
15
15
13
11
12
13
14
14
11
6
9
14
10
6
9
12
11
11
13
14
11
8
10
14
20
23
11
2
4
6
7
7
6
11
25
33
33
30
25
23
23
23
23
26
33
29
21
8
-5
-7
-4
-3
-3
-3
-3
-12
-21
7
38
95
151
213
267
253
219
74
-53
-116
-155
-126
-100
-82
-68
-62
-58
-55
-53
-51
-51
-55
-54
-49
-48
-48
-49
-51
-53
-54
-53
-51
-46
-40
-39
-39
-40
-40
-40
-41
-42
-44
-36
-29
-20
-12
-4
3
6
9
15
22
35
48
59
66
66
63
55
51
52
54
56
55
51
41
26
21
21
13
3
0
0
0
-1
-1
0
-5
-11
-10
-9
-7
-5
-7
-9
-12
-15
-17
-18
-15
-13
-17
-18
-13
-10
-14
-17
-18
-18
-16
-12
-7
-4
-2
-2
-2
-5
-12
-13
-10
-11
-14
-15
-15
-14
-13
-8
-2
-8
-16
-19
-21
-22
-22
-21
-20
-28
-36
-27
-11
54
118
175
230
279
294
206
100
-47
-143
-138
-124
-94
-73
-64
-57
-52
-51
-53
-54
-54
-52
-49
-49
-50
-50
-50
-50
-50
-50
-49
-49
-50
-46
-42
-43
-45
-45
-45
-44
-42
-38
-34
-29
-25
-20
-14
-6
1
8
15
23
30
35
42
51
59
65
70
72
69
62
57
53
48
43
37
31
23
15
14
14
8
1
0
0
1
2
1
0
-2
-4
1
6
4
1
0
-1
-4
-5
-5
-5
-5
-4
-1
0
-2
-2
0
2
4
6
8
9
8
6
3
3
3
1
0
-1
-1
-3
-4
-2
0
-2
-5
-7
-10
-14
-18
-16
-15
-19
-24
-30
-25
24
77
137
196
253
281
253
163
-21
-132
-148
-137
-99
-73
-60
-54
-54
-52
-49
-48
-49
-48
-47
-48
-51
-50
-49
-47
-46
-46
-46
-46
-46
-46
-46
-43
-40
-37
-34
-36
-38
-38
-36
-31
-25
-18
-11
-5
3
16
28
37
42
41
44
52
57
60
64
68
68
66
62
58
52
47
39
30
22
15
10
6
6
6
4
3
0
-4
-4
-3
-1
0
3
4
3
1
0
0
0
0
0
0
-1
-1
0
1
0
0
0
0
0
3
9
7
2
8
18
14
5
0
-4
-7
-10
-8
-6
3
13
12
11
3
-3
-6
-9
-11
-14
-16
-19
-25
-23
-5
25
83
141
201
246
273
222
90
-26
-128
-153
-124
-97
-72
-58
-49
-44
-39
-38
-37
-32
-25
-28
-31
-35
-38
-39
-41
-36
-33
-33
-33
-34
-34
-33
-31
-28
-25
-25
-25
-25
-23
-18
-12
-7
-2
0
6
16
25
34
42
48
57
68
77
84
87
88
86
82
79
76
66
55
53
52
40
27
26
25
22
19
17
15
10
7
11
13
9
6
9
10
10
9
9
9
9
10
12
13
13
12
10
9
9
9
9
11
14
15
16
19
21
22
22
19
16
15
14
13
12
9
7
7
8
12
15
14
12
5
0
-1
-3
-6
-7
-2
-6
-22
-17
12
54
107
161
214
276
343
248
55
-74
-172
-157
-97
-69
-50
-39
-30
-28
-28
-28
-28
-29
-31
-28
-26
-28
-31
-31
-32
-32
-31
-30
-28
-25
-22
-21
-20
-19
-18
-15
-14
-16
-14
-8
-2
4
10
15
18
20
25
32
39
47
57
68
75
80
84
87
88
88
86
84
74
65
60
55
47
39
34
29
23
18
17
16
13
11
12
13
13
13
13
12
8
7
11
11
9
11
16
16
13
13
13
10
5
4
5
8
11
16
22
21
20
26
33
25
16
12
7
7
6
6
5
5
5
9
11
9
8
8
6
-1
-5
-5
-5
-5
-8
-13
-6
9
47
100
156
213
243
262
164
30
-70
-163
-142
-102
-77
-53
-43
-35
-30
-27
-32
-38
-38
-38
-37
-37
-37
-36
-35
-33
-32
-32
-32
-32
-31
-31
-31
-30
-27
-25
-23
-20
-17
-13
-10
-5
-1
3
9
15
22
30
39
46
52
58
64
69
73
77
80
77
74
71
68
63
57
47
37
28
19
14
10
6
4
4
3
1
0
0
0
0
1
1
0
0
0
1
2
2
1
0
-1
-2
-1
0
1
2
3
3
4
6
8
11
14
17
18
18
16
13
13
12
8
5
3
2
2
2
4
3
1
-2
-7
-9
-9
-9
-11
-11
-11
-16
-24
-17
-3
38
87
141
195
255
317
200
64
-44
-152
-135
-117
-91
-66
-50
-36
-34
-33
-33
-34
-38
-41
-41
-40
-36
-34
-34
-36
-38
-39
-38
-38
-38
-38
-38
-38
-39
-38
-37
-32
-25
-22
-21
-20
-20
-13
-5
0
7
13
18
23
27
30
34
38
42
47
51
52
53
51
48
43
37
31
24
18
13
9
5
3
0
-1
-2
0
0
-1
-1
0
0
0
2
3
2
0
2
4
5
5
8
11
11
10
11
11
9
8
9
10
13
16
19
20
20
19
19
17
14
11
11
9
7
5
3
5
10
12
12
8
2
0
-1
-3
-5
-6
-6
-11
-18
-10
0
50
106
157
209
278
335
145
-33
-114
-177
-134
-95
-72
-51
-42
-34
-30
-29
-32
-33
-31
-29
-28
-28
-28
-30
-32
-33
-33
-32
-32
-31
-31
-31
-31
-31
-30
-28
-26
-24
-23
-18
-14
-10
-6
-1
3
8
14
20
26
31
37
43
49
53
58
64
67
63
61
58
55
50
44
38
30
22
15
9
5
2
1
0
-1
-1
-2
-2
-1
-1
-1
-2
-3
-4
-3
-2
-1
0
0
0
0
0
0
0
0
-1
1
2
1
0
2
5
8
9
8
6
3
2
4
3
0
-2
-5
-9
-12
-10
-6
-6
-7
-9
-10
-14
-18
-21
-23
-23
-22
-25
-30
-29
-27
4
38
88
140
209
258
223
163
18
-96
-134
-148
-113
-85
-69
-59
-55
-52
-52
-51
-50
-48
-46
-45
-44
-44
-45
-45
-45
-45
-45
-44
-44
-43
-42
-42
-42
-42
-41
-40
-39
-34
-28
-24
-20
-19
-18
-13
-8
-1
4
8
12
17
22
27
32
34
36
36
37
37
35
30
28
26
21
15
9
4
0
-2
-4
-6
-10
-15
-11
-7
-8
-9
-9
-7
-7
-7
-8
-8
-5
-2
-1
0
-1
-1
0
0
0
0
-1
-1
0
1
4
6
8
9
10
10
10
7
3
4
7
5
0
0
-1
-1
0
0
0
-5
-9
-11
-13
-12
-12
-12
-13
-23
-30
-14
8
56
104
155
214
295
304
167
33
-97
-161
-134
-105
-73
-54
-47
-44
-43
-42
-41
-41
-41
-38
-35
-38
-42
-43
-43
-43
-43
-42
-42
-43
-45
-42
-39
-41
-43
-40
-37
-37
-36
-35
-33
-28
-23
-16
-10
-7
-3
1
6
11
15
18
22
27
31
33
34
35
34
31
28
24
20
16
14
12
6
-1
-4
-7
-9
-11
-11
-10
-8
-7
-7
-7
-5
-4
-5
-7
-9
-10
-10
-11
-14
-15
-12
-8
-3
0
0
0
3
5
9
12
14
15
15
15
14
12
9
7
5
5
6
5
3
1
0
2
5
10
15
12
8
0
-6
-3
0
1
0
-17
-28
-24
-7
34
81
135
195
263
266
196
94
-37
-99
-105
-91
-63
-50
-46
-40
-34
-32
-31
-31
-31
-31
-31
-30
-29
-33
-38
-39
-38
-36
-34
-34
-34
-35
-35
-34
-33
-35
-36
-33
-30
-28
-25
-20
-15
-12
-7
0
3
2
9
21
27
27
24
21
20
21
25
30
30
27
24
22
20
19
10
1
0
-3
-6
-9
-13
-16
-16
-16
-18
-20
-15
-12
-12
-13
-13
-13
-13
-13
-13
-12
-11
-9
-6
-5
-5
-6
-8
-9
-9
-9
-9
-3
5
4
0
0
0
-3
-8
-7
-5
-8
-13
-13
-12
-8
-5
-6
-7
-8
-10
-16
-21
-26
-27
-24
-23
-26
-30
-33
-22
9
51
106
172
249
271
251
141
-25
-104
-136
-123
-91
-73
-61
-53
-47
-42
-38
-38
-38
-43
-47
-40
-33
-36
-40
-41
-42
-44
-45
-39
-35
-38
-40
-39
-39
-42
-41
-36
-32
-30
-29
-27
-24
-20
-14
-7
-3
0
4
12
17
21
26
33
35
35
37
39
37
34
32
31
27
23
18
12
9
6
0
-4
-10
-14
-9
-5
-2
-1
-5
-9
-14
-17
-19
-19
-17
-14
-10
-7
-6
-5
-4
-4
-4
-3
-1
-2
-3
0
6
11
16
18
19
17
15
12
9
8
7
6
6
6
7
9
12
12
11
5
0
-2
-5
-7
-7
-5
-9
-21
-22
-9
20
68
125
188
242
291
235
123
10
-105
-122
-107
-84
-60
-50
-42
-38
-34
-33
-33
-31
-30
-31
-32
-33
-35
-35
-35
-33
-32
-32
-33
-33
-34
-34
-34
-33
-33
-33
-30
-26
-22
-18
-15
-12
-8
-4
0
5
9
13
18
24
28
31
34
37
40
42
45
47
46
43
41
39
34
29
25
20
13
7
4
2
0
-1
0
0
-2
-3
0
1
1
1
1
0
0
0
0
0
0
1
2
2
2
2
2
1
0
6
14
16
17
18
19
15
11
11
10
4
0
2
3
3
3
8
9
4
0
-1
-4
-9
-11
-7
-6
-8
-15
-24
-11
19
53
88
128
172
205
235
119
-45
-93
-111
-92
-67
-52
-38
-37
-36
-31
-27
-29
-31
-30
-29
-31
-32
-30
-29
-32
-33
-30
-28
-30
-31
-29
-28
-30
-31
-29
-28
-28
-26
-22
-20
-19
-16
-12
-7
-2
3
8
11
13
19
27
31
34
39
44
48
52
51
49
46
42
39
36
32
28
23
18
14
11
9
6
3
2
3
4
5
5
4
4
5
6
6
6
6
6
6
7
7
8
8
8
8
8
7
7
8
11
14
17
21
21
20
17
14
11
8
6
4
3
3
5
7
9
9
6
3
0
-2
-6
-7
-7
-9
-12
-13
-13
9
44
91
143
211
284
265
222
90
-58
-106
-140
-112
-79
-62
-45
-44
-42
-39
-36
-36
-36
-37
-39
-40
-40
-39
-39
-41
-41
-38
-37
-37
-36
-36
-36
-36
-34
-30
-29
-29
-27
-24
-20
-16
-11
-7
-3
0
5
12
16
19
26
32
38
44
49
55
55
55
57
58
53
49
46
43
36
30
25
20
16
13
10
6
2
1
5
7
7
7
7
6
5
7
10
8
3
7
13
12
8
9
11
10
8
8
9
5
3
9
16
16
16
20
22
18
14
11
9
7
6
7
6
2
3
10
12
9
5
1
-1
-4
-6
-6
-6
-6
-9
-13
-12
-9
27
73
123
173
235
299
242
178
31
-112
-120
-125
-95
-67
-52
-40
-36
-34
-34
-34
-33
-33
-34
-34
-34
-34
-35
-36
-36
-35
-34
-34
-34
-34
-34
-33
-29
-28
-27
-25
-22
-20
-19
-15
-11
-7
-4
4
14
16
18
26
34
38
42
48
53
59
64
68
69
65
62
59
54
46
39
33
27
23
19
16
13
9
8
8
5
1
3
7
8
8
8
8
10
11
12
12
11
11
12
14
14
13
13
13
13
12
8
7
13
19
22
25
25
23
20
18
16
14
11
10
11
10
7
8
11
12
10
6
1
-1
-3
-4
-4
-5
-6
-13
-20
-5
12
61
112
171
230
268
293
152
17
-79
-155
-127
-100
-75
-54
-46
-39
-36
-34
-36
-36
-34
-34
-37
-37
-34
-34
-37
-37
-34
-33
-33
-33
-34
-35
-35
-32
-27
-28
-29
-26
-23
-21
-20
-13
-5
-5
-4
3
11
15
20
29
36
41
46
50
54
61
67
70
70
64
59
54
48
40
33
26
20
14
11
9
6
2
1
2
1
0
0
0
1
2
2
2
2
4
5
6
6
6
6
5
5
4
4
3
2
2
2
3
5
7
9
11
13
14
14
13
9
8
8
5
2
0
0
0
1
4
7
4
0
-3
-7
-9
-11
-12
-12
-15
-19
-21
-20
5
35
91
148
211
254
226
160
-13
-136
-149
-144
-106
-77
-63
-52
-46
-43
-43
-43
-43
-43
-43
-44
-44
-44
-44
-45
-45
-45
-45
-44
-43
-42
-41
-40
-40
-37
-34
-34
-33
-31
-28
-24
-19
-13
-7
-3
1
7
12
17
23
29
36
41
48
57
62
63
63
61
57
52
47
44
36
25
20
15
10
4
1
0
-1
-2
-2
-1
-3
-7
-3
-1
-2
-2
-1
0
0
0
-1
-2
-3
-4
-3
-2
0
0
-2
-2
-1
-1
-1
0
0
2
5
7
9
7
4
2
1
0
0
-3
-7
-8
-8
-4
0
0
0
-5
-9
-15
-21
-23
-25
-24
-24
-28
-30
-23
-7
33
79
136
192
244
234
133
24
-97
-155
-150
-130
-97
-76
-63
-56
-52
-51
-51
-50
-49
-49
-49
-49
-49
-49
-49
-48
-48
-49
-51
-48
-45
-45
-44
-43
-42
-43
-42
-37
-34
-34
-32
-26
-21
-18
-14
-7
0
5
11
18
22
26
31
38
46
55
56
53
52
52
49
44
36
27
18
10
6
3
0
