2
2
1
1
1
2
2
2
2
2
2
2
2
2
2
0
0
1
2
3
3
0
3
10
15
21
22
22
22
22
23
24
26
27
26
25
26
27
23
19
20
22
24
25
24
23
23
24
33
44
57
61
38
24
36
44
42
40
38
46
68
79
77
65
44
25
7
6
17
26
33
27
16
1
-14
-16
-15
-15
-15
-12
-10
-12
-14
20
56
90
120
96
66
-12
-94
-193
-272
-270
-254
-195
-144
-112
-87
-77
-68
-61
-57
-56
-55
-52
-48
-41
-38
-37
-37
-39
-44
-51
-46
-37
-32
-28
-22
-15
-14
-15
-25
-36
-33
-30
-14
0
20
38
38
38
40
44
55
68
82
97
114
119
100
80
58
50
62
74
86
83
66
52
42
30
17
8
2
1
1
3
5
3
1
2
4
2
0
0
0
0
0
-1
-3
-4
-5
-4
-4
-5
-6
-3
-1
-4
-7
-9
-9
-6
-3
0
2
6
7
3
-1
-6
-8
-7
-7
-7
-10
-13
-12
-10
-8
-6
-10
-15
-18
-20
-21
-21
-21
-22
-28
-33
-17
2
54
98
102
97
58
3
-99
-191
-255
-281
-234
-185
-133
-96
-78
-65
-57
-53
-52
-50
-47
-46
-46
-45
-44
-42
-41
-40
-40
-39
-39
-36
-33
-30
-28
-27
-26
-25
-24
-19
-13
-10
-5
2
11
17
24
32
40
47
53
58
63
66
72
82
88
89
88
86
81
73
67
62
59
56
50
42
30
18
19
24
17
8
5
4
10
17
11
4
2
0
3
8
16
21
9
0
-3
-4
-2
0
2
3
2
2
2
3
7
10
12
14
15
16
18
14
8
4
3
2
1
0
0
-2
-4
-2
0
0
-1
-4
-8
-10
-13
-13
-14
-18
-21
-18
-5
44
86
103
108
85
41
-45
-139
-243
-286
-249
-199
-135
-94
-73
-61
-55
-50
-46
-44
-43
-41
-39
-39
-39
-38
-37
-35
-33
-34
-35
-34
-32
-31
-30
-24
-17
-12
-8
-13
-17
-17
-15
-7
0
7
15
24
36
53
67
76
77
70
67
68
72
77
80
82
80
76
71
65
59
54
45
36
29
23
17
12
11
11
9
7
4
0
0
0
4
8
9
9
7
5
4
4
6
7
5
4
5
6
6
6
6
5
4
4
5
9
16
20
24
28
32
24
12
1
-9
-12
-14
-12
-9
1
13
13
12
5
0
-6
-12
-12
-13
-18
-22
-21
-15
2
30
78
106
101
75
23
-55
-162
-228
-260
-242
-187
-142
-102
-78
-60
-50
-42
-34
-26
-21
-16
-19
-23
-27
-30
-32
-35
-30
-26
-22
-19
-21
-23
-23
-22
-17
-13
-10
-6
-2
1
6
11
14
18
22
29
42
51
57
66
77
83
85
88
92
95
98
96
92
87
82
72
62
54
46
38
31
30
29
24
19
17
14
13
12
12
12
11
10
11
12
12
12
12
12
11
12
14
15
14
13
12
12
12
13
15
16
16
18
21
24
26
27
27
24
21
17
14
12
10
8
6
6
6
11
14
13
11
4
0
-3
-5
-6
-7
-7
-10
-18
-6
32
67
100
110
101
70
23
-75
-206
-267
-294
-241
-156
-107
-70
-52
-38
-30
-22
-22
-22
-24
-26
-23
-21
-21
-21
-21
-21
-21
-21
-17
-14
-9
-6
-5
-5
-5
-4
-1
1
6
9
10
21
41
51
54
51
45
48
55
65
75
82
88
95
101
103
104
104
103
97
91
84
78
70
61
53
46
40
34
30
26
23
21
21
21
21
21
21
20
20
18
16
16
18
19
21
22
22
21
21
20
19
16
12
12
12
15
20
25
29
31
32
35
37
33
29
14
1
7
11
4
0
0
1
5
7
5
4
6
6
1
-1
-3
-5
-7
-9
-11
1
25
60
103
106
91
43
-16
-107
-208
-245
-268
-216
-152
-101
-52
-26
-1
-13
-25
-34
-41
-38
-34
-31
-28
-24
-20
-19
-18
-18
-17
-15
-13
-12
-11
-9
-6
-3
-1
0
3
6
11
17
24
31
36
41
49
58
66
73
78
83
88
93
97
101
102
101
99
96
90
84
76
68
59
51
43
35
29
24
22
20
19
17
15
14
14
14
16
16
14
13
11
12
15
14
13
11
8
7
6
6
6
8
11
11
11
11
13
15
18
20
22
23
23
19
16
13
10
7
4
2
1
1
2
4
4
1
-1
-5
-7
-8
-10
-12
-13
-13
-16
-19
-4
19
54
92
103
107
74
35
-63
-168
-216
-262
-214
-167
-124
-83
-62
-42
-32
-24
-21
-19
-20
-22
-26
-29
-27
-26
-24
-23
-22
-22
-22
-21
-19
-17
-14
-13
-15
-14
-11
-5
2
7
10
13
16
22
29
35
42
48
53
59
65
68
71
74
77
78
78
77
76
72
67
60
53
45
38
33
28
24
19
14
13
15
17
19
14
6
3
5
10
16
14
10
8
5
6
7
8
9
13
16
17
16
15
14
13
13
14
15
19
22
25
26
26
25
22
19
15
13
13
12
8
6
6
8
10
11
11
7
1
0
0
-2
-6
-5
-3
-7
-12
2
21
65
112
107
100
60
16
-111
-229
-251
-260
-191
-128
-91
-58
-41
-27
-24
-21
-20
-19
-19
-16
-10
-9
-14
-17
-20
-19
-14
-12
-10
-10
-10
-10
-10
-9
-6
-3
0
3
6
10
14
20
25
33
40
47
54
60
66
72
77
80
82
86
89
90
91
89
86
83
78
70
62
51
41
32
26
22
18
15
13
12
10
7
7
7
8
9
9
9
9
9
9
9
9
11
11
10
10
10
10
11
12
13
13
12
12
13
17
21
24
25
22
20
20
17
12
8
6
4
1
0
-2
-1
0
0
0
0
-1
-4
-6
-8
-10
-12
-14
-18
-23
-15
-6
29
63
79
89
67
35
-34
-107
-187
-240
-226
-199
-146
-103
-75
-56
-47
-41
-38
-36
-35
-34
-32
-31
-29
-28
-28
-26
-25
-23
-21
-21
-21
-20
-19
-17
-16
-14
-12
-8
-5
-1
2
7
12
17
22
28
33
38
44
50
55
59
62
65
68
70
71
69
66
62
58
54
49
42
35
28
21
15
11
8
5
2
1
0
0
0
0
0
0
0
0
0
1
2
2
2
2
3
3
4
5
7
7
7
5
4
3
5
9
11
11
12
16
15
10
7
5
4
3
1
0
0
-1
-2
-2
-2
-2
-5
-8
-9
-11
-14
-17
-15
-15
-26
-32
1
35
67
92
89
82
67
18
-98
-190
-242
-248
-191
-141
-100
-71
-55
-45
-40
-38
-37
-34
-31
-28
-27
-27
-27
-29
-30
-29
-27
-26
-25
-24
-24
-22
-20
-18
-16
-14
-12
-10
-8
-6
-2
1
7
14
21
26
31
38
44
48
51
54
56
57
58
59
60
60
57
52
46
39
36
33
30
26
18
9
3
-2
-3
-3
-1
1
1
2
2
3
9
13
11
8
3
0
-3
-8
-15
-15
-4
6
14
16
9
7
9
17
29
35
35
30
22
19
18
14
10
6
2
2
2
1
0
-3
-6
1
10
24
37
21
7
10
14
25
29
7
-14
-31
-36
-8
20
51
69
63
53
36
-10
-92
-162
-220
-218
-168
-124
-83
-59
-44
-35
-29
-26
-24
-21
-17
-5
7
3
-3
-28
-53
-38
-23
-12
-3
-19
-31
-18
-7
-3
-2
-9
-14
-11
-6
0
6
11
19
30
41
51
59
65
78
98
99
87
65
38
35
42
48
53
54
53
51
49
49
50
38
24
15
6
-7
-19
-16
-13
-10
-8
-10
-10
-5
-2
-6
-8
-6
-5
-5
-4
-1
0
0
0
4
4
2
1
0
1
4
10
16
19
20
17
12
6
0
-4
-7
-7
-6
-6
-6
-10
-13
-10
-7
-3
0
0
-2
-13
-23
-24
-23
-18
-19
-33
-39
-34
-9
40
65
60
53
44
4
-59
-142
-238
-253
-227
-182
-128
-98
-75
-60
-47
-38
-31
-33
-36
-38
-40
-32
-23
-22
-21
-25
-30
-32
-33
-24
-18
-19
-19
-19
-18
-17
-15
-10
-5
0
3
6
12
20
26
31
37
44
49
52
57
61
65
69
70
70
68
64
59
53
47
41
36
30
23
16
18
18
8
-1
-2
-4
-5
-2
14
22
5
-6
-9
-13
-15
-15
-11
-7
-5
-2
0
0
0
0
0
0
0
1
3
6
9
13
17
19
20
19
17
12
8
9
9
5
1
1
1
5
8
11
12
7
1
-4
-9
-12
-13
-12
-15
-22
-16
4
32
66
81
80
56
19
-56
-151
-207
-245
-216
-166
-122
-81
-61
-45
-38
-33
-31
-29
-22
-17
-18
-20
-26
-30
-28
-26
-26
-25
-22
-19
-19
-18
-17
-15
-12
-10
-8
-6
-2
2
7
12
17
23
29
35
42
46
50
54
57
60
64
65
66
67
67
66
65
61
57
48
39
36
33
26
19
12
5
2
1
1
1
0
-2
-3
-3
-1
1
4
5
5
3
1
-1
-4
-5
-5
-3
0
0
0
0
0
0
0
4
8
13
17
15
12
8
4
2
0
-2
-4
-4
-3
-3
-2
-1
-1
-3
-6
-11
-14
-14
-15
-19
-22
-22
-27
-37
-9
49
72
72
61
45
-1
-59
-158
-271
-277
-256
-197
-131
-100
-73
-61
-51
-49
-47
-44
-41
-40
-39
-38
-38
-38
-37
-33
-31
-31
-31
-31
-30
-28
-27
-25
-22
-19
-15
-11
-7
-3
0
2
7
14
20
27
34
42
47
52
56
61
63
65
68
70
72
74
66
57
54
50
42
35
31
26
17
10
7
5
2
0
1
1
0
0
2
2
0
1
3
5
7
7
5
5
5
6
6
6
6
6
6
7
7
8
9
12
16
17
19
20
20
14
9
5
3
3
2
1
0
0
0
1
1
0
-1
-3
-6
-9
-11
-13
-17
-23
-18
-5
22
58
73
80
61
33
-34
-113
-190
-267
-252
-226
-171
-113
-88
-63
-54
-45
-40
-35
-34
-33
-33
-34
-34
-34
-34
-33
-29
-27
-25
-23
-23
-22
-20
-19
-20
-18
-13
-9
-5
-2
0
5
13
19
23
29
35
39
42
49
56
60
64
67
71
73
75
75
74
71
68
63
58
50
43
35
28
23
19
16
13
9
6
6
5
4
5
9
9
7
7
8
10
11
12
13
12
11
11
11
11
11
12
12
11
10
11
12
14
17
20
24
26
27
23
18
11
7
8
7
4
2
0
1
5
6
6
4
2
0
-3
-5
-7
-8
-9
-13
-17
-9
2
41
87
88
80
48
13
-67
-151
-217
-279
-235
-190
-137
-87
-68
-50
-43
-37
-33
-29
-29
-28
-26
-24
-23
-23
-23
-23
-23
-22
-20
-19
-19
-16
-13
-11
-11
-9
-6
-3
0
4
9
14
19
26
34
41
47
52
57
63
69
74
80
83
86
88
89
88
85
80
75
69
63
55
47
38
31
27
23
21
18
16
14
12
12
13
14
15
16
16
16
16
18
19
20
21
22
22
21
21
20
20
20
20
20
19
19
19
22
25
30
33
33
32
30
25
17
14
17
17
12
11
11
11
11
11
11
8
5
3
0
-1
-2
-5
-8
-10
-11
14
44
76
109
89
67
11
-46
-143
-230
-251
-257
-194
-136
-97
-65
-50
-38
-31
-27
-24
-23
-23
-22
-20
-18
-17
-17
-19
-18
-15
-12
-10
-10
-11
-10
-8
-5
-2
0
1
2
2
10
17
23
29
35
41
46
52
59
66
71
76
79
82
88
92
93
94
93
90
85
79
73
65
55
47
41
35
30
26
23
21
21
20
19
17
15
17
20
20
20
20
20
20
22
22
21
20
20
23
25
21
18
17
15
15
15
17
19
21
23
25
27
30
30
27
24
20
18
16
13
9
8
8
8
8
10
11
10
9
5
0
0
0
0
-1
-5
-8
-7
-3
33
67
86
95
60
13
-70
-152
-231
-274
-240
-196
-135
-89
-65
-47
-36
-29
-26
-23
-21
-20
-20
-19
-19
-18
-18
-19
-21
-18
-13
-11
-9
-7
-6
-3
-1
0
3
5
7
13
19
22
27
36
44
51
57
63
68
72
77
82
88
93
98
100
102
102
100
95
89
82
76
71
64
57
49
42
38
35
31
26
26
27
26
24
26
30
26
23
22
22
22
23
24
25
24
23
22
21
21
22
22
22
22
21
20
20
22
23
25
28
31
32
32
29
26
23
20
18
15
12
8
8
8
11
13
14
14
9
5
2
0
-2
-4
-5
-6
-12
-13
4
28
68
96
96
79
30
-37
-131
-204
-251
-251
-203
-154
-103
-70
-50
-38
-31
-27
-24
-23
-23
-21
-19
-17
-16
-15
-14
-13
-13
-11
-9
-8
-7
-5
-3
-1
0
1
2
7
12
16
19
22
26
32
38
45
53
61
67
72
78
84
87
87
91
97
97
96
91
84
79
75
67
57
49
41
35
30
26
