2111
2114
2116
2117
2119
2120
2122
2122
2119
2116
2115
2115
2114
2112
2111
2104
2042
2033
2074
2088
2086
2082
2079
2076
2072
2067
2063
2059
2056
2053
2051
2049
2048
2045
2043
2042
2040
2039
2036
2034
2033
2031
2029
2027
2025
2024
2023
2021
2020
2018
2015
2015
2015
2015
2015
2015
2015
2016
2015
2015
2015
2015
2015
2015
2016
2016
2016
2016
2016
2015
2015
2015
2015
2015
2015
2015
2015
2015
2015
2015
2015
2016
2016
2016
2016
2016
2016
2017
2017
2017
2015
2015
2015
2017
2017
2017
2017
2017
2017
2017
2016
2016
2015
2016
2016
2017
2017
2017
2017
2017
2017
2017
2016
2016
2016
2017
2018
2018
2018
2017
2017
2017
2016
2017
2017
2017
2018
2018
2018
2017
2017
2017
2017
2017
2017
2017
2018
2018
2018
2017
2017
2017
2018
2017
2017
2018
2018
2018
2019
2018
2018
2017
2017
2018
2018
2018
2018
2018
2019
2022
2026
2030
2035
2038
2043
2047
2051
2055
2058
2059
2059
2060
2060
2058
2058
2058
2058
2058
2058
2057
2055
2053
2052
2050
2045
2043
2041
2039
2037
2035
2031
2029
2025
2022
2019
2018
2018
2019
2019
2019
2019
2018
2018
2019
2019
2018
2019
2019
2019
2019
2019
2019
2019
2018
2017
2018
2018
2019
2020
2019
2019
2019
2019
2019
2018
2018
2018
2017
2008
1996
1985
1982
1988
2004
2038
2102
2170
2224
2274
2323
2370
2414
2469
2519
2552
2569
2576
2576
2567
2554
2536
2510
2477
2437
2387
2305
2221
2157
2102
2047
1988
1929
1892
1885
1896
1916
1933
1954
1973
1982
1983
1984
1984
1984
1984
1984
1984
1984
1984
1984
1985
1985
1985
1985
1985
1984
1985
1985
1985
1985
1985
1986
1986
1986
1986
1985
1985
1985
1985
1985
1985
1987
1986
1987
1989
1991
1992
1994
1996
1999
2001
2001
2001
2004
2006
2007
2006
2008
2010
2012
2013
2014
2016
2019
2024
2029
2034
2037
2041
2047
2055
2062
2069
2074
2079
2085
2091
2096
2100
2105
2111
2114
2116
2118
2119
2120
2122
2123
2120
2117
2116
2116
2116
2114
2111
2108
2103
2097
2093
2090
2088
2083
2079
2076
2071
2067
2062
2058
2055
2052
2051
2050
2049
2045
2042
2040
2039
2038
2036
2033
2033
2032
2030
2028
2025
2022
2021
2020
2019
2017
2015
2015
2015
2015
2015
2015
2014
2014
2014
2015
2015
2015
2015
2015
2015
2015
2015
2015
2015
2015
2015
2015
2016
2016
2016
2016
2015
2015
2014
2015
2015
2015
2015
2016
2016
2016
2016
2016
2015
2016
2016
2017
2016
2016
2017
2017
2017
2017
2016
2016
2015
2016
2016
2017
2017
2016
2016
2016
2016
2016
2016
2017
2016
2017
2018
2018
2017
2017
2017
2016
2016
2016
2017
2017
2017
2017
2017
2017
2017
2017
2017
2017
2017
2017
2017
2018
2018
2018
2017
2017
2017
2017
2017
2017
2018
2018
2018
2018
2018
2017
2017
2017
2018
2017
2018
2019
2019
2018
2019
2018
2018
2021
2025
2030
2035
2039
2044
2049
2052
2055
2057
2057
2059
2061
2061
2059
2058
2058
2058
2058
2057
2056
2054
2052
2052
2049
2047
2044
2042
2038
2036
2034
2031
2029
2026
2022
2021
2019
2019
2019
2018
2018
2018
2018
2018
2018
2019
2019
2019
2019
2019
2019
2019
2018
2018
2019
2019
2020
2019
2019
2019
2018
2018
2019
2019
2019
2019
2019
2018
2017
2008
1996
1985
1982
1988
2004
2039
2103
2171
2225
2274
2322
2371
2415
2468
2520
2553
2570
2578
2578
2568
2555
2534
2508
2476
2437
2388
2308
2222
2157
2102
2047
1987
1928
1892
1885
1895
1916
1934
1955
1973
1981
1983
1983
1984
1985
1985
1985
1985
1985
1985
1985
1985
1985
1983
1984
1984
1985
1986
1986
1986
1985
1985
1984
1985
1985
1985
1985
1986
1985
1985
1985
1985
1986
1985
1986
1988
1990
1992
1995
1997
1999
2000
2000
2001
2003
2006
2007
2007
2008
2010
2012
2013
2013
2015
2018
2023
2029
2035
2038
2042
2047
2054
2062
2068
2074
2079
2084
2090
2096
2101
2106
2111
2114
2115
2117
2119
2121
2123
2123
2120
2117
2115
2116
2114
2112
2110
2108
2103
2097
2093
2091
2086
2082
2078
2075
2070
2066
2062
2058
2056
2053
2051
2049
2047
2044
2042
2040
2038
2038
2036
2034
2033
2031
2029
2027
2024
2022
2020
2020
2019
2017
2015
2015
2013
2013
2014
2015
2015
2015
2015
2015
2015
2015
2015
2015
2015
2015
2015
2015
2015
2016
2015
2015
2016
2015
2014
2014
2015
2015
2015
2015
2015
2015
2016
2015
2015
2015
2015
2016
2015
2016
2016
2016
2016
2016
2015
2015
2015
2015
2016
2016
2016
2016
2016
2015
2015
2015
2015
2015
2016
2016
2016
2016
2016
2017
2016
2016
2016
2016
2016
2016
2016
2017
2017
2017
2016
2016
2016
2016
2017
2017
2017
2017
2017
2017
2017
2016
2017
2017
2017
2017
2017
2017
2017
2017
2017
2017
2017
2017
2017
2018
2018
2018
2018
2018
2018
2017
2018
2017
2017
2018
2018
2020
2026
2030
2035
2039
2042
2046
2051
2054
2056
2057
2058
2060
2060
2058
2057
2057
2057
2057
2057
2056
2054
2053
2052
2050
2045
2042
2040
2038
2036
2034
2031
2029
2025
2022
2020
2018
2018
2017
2018
2018
2018
2018
2019
2019
2018
2017
2018
2017
2018
2018
2018
2019
2018
2018
2018
2018
2018
2018
2018
2018
2019
2019
2019
2018
2019
2019
2019
2017
2009
1996
1986
1983
1989
2004
2037
2102
2170
2224
2272
2322
2369
2414
2469
2519
2552
2569
2577
2576
2567
2554
2535
2509
2477
2438
2388
2307
2221
2156
2102
2046
1988
1928
1892
1885
1895
1916
1934
1953
1972
1980
1983
1984
1985
1985
1984
1984
1983
1983
1984
1984
1985
1985
1985
1985
1985
1986
1985
1985
1985
1984
1984
1985
1986
1986
1986
1985
1985
1985
1985
1986
1986
1985
1985
1986
1988
1991
1992
1994
1996
1998
1999
2000
2001
2004
2006
2007
2007
2008
2010
2011
2013
2014
2015
2019
2024
2029
2035
2038
2042
2047
2053
2061
2068
2074
2079
2085
2091
2096
2101
2105
2110
2114
2116
2117
2119
2120
2123
2122
2119
2116
2116
2115
2115
2113
2111
2109
2103
2097
2093
2090
2086
2082
2079
2076
2072
2067
2062
2058
2055
2052
2050
2049
2047
2045
2042
2041
2039
2038
2036
2032
2031
2031
2029
2027
2024
2023
2021
2020
2020
2017
2014
2014
2014
2015
2015
2015
2015
2015
2015
2015
2014
2015
2015
2015
2015
2015
2016
2015
2015
2014
2014
2015
2015
2015
2016
2016
2016
2017
2016
2015
2015
2015
2015
2015
2015
2015
2016
2015
2016
2016
2016
2015
2015
2015
2016
2016
2017
2016
2017
2016
2016
2016
2017
2017
2016
2017
2017
2017
2017
2017
2016
2016
2016
2016
2016
2017
2017
2017
2016
2017
2017
2017
2017
2016
2017
2017
2017
2016
2017
2017
2017
2016
2016
2016
2017
2017
2018
2017
2017
2017
2017
2017
2018
2017
2018
2018
2018
2018
2017
2017
2018
2017
2017
2017
2018
2018
2018
2018
2019
2021
2026
2030
2034
2038
2043
2046
2051
2055
2057
2058
2058
2060
2060
2058
2058
2058
2058
2058
2059
2057
2055
2052
2051
2049
2045
2043
2041
2039
2037
2034
2032
2030
2025
2022
2020
2018
2018
2019
2018
2018
2018
2018
2017
2018
2018
2018
2017
2018
2018
2019
2019
2019
2018
2018
2018
2018
2018
2018
2019
2019
2019
2019
2018
2018
2018
2018
2018
2016
2009
1996
1986
1983
1988
2003
2037
2102
2170
2224
2274
2322
2370
2415
2468
2519
2552
2570
2577
2576
2567
2554
2536
2509
2477
2439
2389
2306
2221
2157
2102
2046
1987
1928
1892
1885
1895
1916
1934
1954
1972
1981
1983
1984
1984
1984
1983
1983
1983
1984
1984
1984
1985
1985
1985
1985
1985
1984
1985
1985
1985
1985
1985
1985
1985
1985
1985
1985
1985
1985
1985
1985
1985
1986
1987
1986
1987
1989
1991
1994
1996
1998
1999
2000
2001
2003
2005
2006
2007
2007
2009
2010
2012
2013
2015
2018
2023
2028
2034
2037
2041
2047
2054
2062
2068
2074
2079
2084
2090
2096
2101
2106
2111
2113
2116
2118
2118
2120
2123
2122
2119
2117
2116
2116
2115
2113
2110
2108
2102
2096
2092
2090
2087
2082
2079
2075
2071
2066
2062
2058
2055
2052
2050
2049
2048
2045
2042
2040
2038
2037
2035
2033
2033
2031
2029
2026
2024
2022
2021
2020
2018
2016
2015
2015
2015
2015
2015
2014
2014
2015
2015
2015
2014
2013
2014
2014
2015
2015
2015
2015
2015
2015
2014
2014
2014
2015
2015
2015
2015
2015
2015
2015
2015
2015
2016
2015
2015
2015
2015
2015
2015
2015
2015
2015
2016
2016
2016
2015
2015
2015
2015
2015
2015
2016
2016
2017
2017
2017
2016
2015
2015
2015
2016
2016
2016
2016
2017
2016
2016
2017
2016
2016
2016
2016
2017
2016
2017
2017
2017
2017
2017
2016
2016
2016
2017
2017
2017
2017
2017
2017
2017
2017
2016
2017
2018
2018
2018
2017
2018
2018
2018
2018
2016
2016
2017
2017
2017
2018
2018
2018
2018
2018
2018
2020
2024
2029
2035
2039
2044
2047
2051
2054
2057
2057
2058
2060
2059
2058
2058
2058
2058
2058
2057
2055
2054
2053
2052
2049
2047
2044
2040
2037
2035
2033
2030
2028
2025
2022
2020
2018
2018
2018
2018
2018
2017
2017
2017
2017
2018
2018
2019
2019
2018
2018
2018
2018
2018
2018
2018
2018
2019
2019
2019
2018
2018
2018
2018
2018
2019
2019
2019
2017
2008
1996
1985
1982
1988
2003
2038
2101
2170
2225
2274
2322
2369
2414
2467
2518
2552
2570
2578
2577
2567
2553
2534
2509
2477
2438
2389
2308
2220
2156
2102
2046
1986
1928
1891
1884
1895
1916
1934
1954
1972
1981
1983
1983
1983
1983
1984
1984
1984
1983
1984
1984
1984
1983
1983
1984
1984
1984
1984
1984
1984
1985
1985
1985
1985
1985
1985
1985
1985
1986
1985
1985
1985
1985
1985
1985
1988
1990
1992
1994
1997
1998
2000
1999
2000
2002
2005
2007
2007
2007
2010
2012
2012
2013
2014
2017
2023
2028
2034
2037
2040
2046
2053
2061
2067
2073
2078
2084
2090
2096
2101
2105
2111
2113
2115
2117
2118
2120
2123
2122
2119
2116
2115
2115
2115
2112
2110
2108
2103
2098
2093
2090
2086
2082
2079
2075
2070
2066
2061
2058
2055
2052
2050
2048
2047
2044
2042
2040
2039
2038
2036
2033
2032
2031
2029
2026
2023
2021
2021
2020
2020
2018
2015
2014
2013
2013
2014
2014
2014
2014
2014
2014
2014
2015
2014
2014
2014
2014
2014
2014
2015
2015
2015
2015
2014
2014
2014
2014
2014
2015
2015
2015
2015
2015
2015
2015
2014
2014
2014
2016
2016
2016
2016
2016
2015
2015
2015
2015
2015
2015
2015
2015
2016
2016
2016
2015
2015
2015
2015
2015
2015
2015
2015
2015
2015
2015
2015
2015
2015
2016
2016
2016
2017
2017
2016
2016
2016
2016
2016
2016
2016
2016
2016
2017
2017
2017
2017
2016
2017
2016
2017
2016
2017
2017
2017
2017
2016
2016
2016
2016
2017
2017
2017
2017
2017
2017
2017
2017
2017
2017
2017
2017
2017
2020
2025
2029
2034
2038
2043
2046
2050
2054
2056
2057
2058
2059
2059
2058
2058
2057
2058
2057
2057
2056
2054
2053
2051
2049
2045
2042
2040
2037
2035
2033
2031
2029
2025
2021
2019
2018
2017
2017
2017
2017
2017
2018
2018
2017
2017
2017
2017
2018
2017
2018
2019
2018
2018
2018
2018
2018
2018
2018
2018
2018
2018
2018
2019
2018
2018
2018
2018
2016
2008
1996
1985
1982
1988
2003
2036
2101
2169
2223
2272
2321
2370
2414
2469
2519
2552
2568
2576
2576
2567
2554
2535
2509
2477
2438
2389
2306
2220
2156
2102
2046
1988
1928
1893
1884
1895
1915
1933
1952
1971
1980
1983
1983
1984
1983
1983
1984
1983
1983
1983
1984
1984
1985
1983
1983
1983
1984
1984
1984
1984
1984
1984
1985
1985
1985
1985
1985
1985
1984
1984
1985
1985
1986
1986
1986
1987
1989
1991
1994
1996
1998
2000
2000
2001
2003
2005
2006
2006
2007
2008
2010
2011
2013
2015
2019
2023
2028
2034
2037
2041
2046
2052
2061
2067
2073
2079
2085
2090
2095
2100
2104
2111
2113
2115
2117
2118
2121
2123
2123
2120
2116
2115
2115
2114
2112
2110
2109
2103
2097
2092
2089
2087
2081
2078
2075
2071
2067
2062
2058
2055
2052
2050
2048
2047
2044
2041
2040
2039
2037
2035
2032
2032
2031
2029
2027
2024
2022
2021
2020
2019
2017
2015
2014
2014
2014
2014
2014
2014
2014
2014
2014
2014
2013
2014
2014
2015
2015
2015
2015
2015
2014
2015
2015
2014
2015
2015
2015
2015
2015
2015
2015
2015
2014
2015
2015
2016
2016
2016
2015
2015
2014
2014
2015
2015
2015
2016
2016
2015
2016
2015
2015
2016
2015
2015
2015
2016
2016
2016
2015
2015
2016
2016
2015
2015
2015
2015
2016
2016
2017
2016
2016
2016
2015
2015
2016
2016
2016
2016
2016
2017
2017
2017
2016
2016
2016
2016
2017
2017
2017
2017
2017
2016
2016
2016
2017
2017
2017
2017
2018
2018
2017
2017
2017
2017
2016
2016
2017
2017
2017
2017
2020
2024
2028
2033
2038
2042
2046
2050
2053
2055
2056
2056
2058
2058
2057
2057
2057
2057
2057
2056
2055
2053
2051
2050
2047
2045
2043
2040
2038
2035
2033
2030
2027
2024
2021
2019
2017
2017
2017
2017
2017
2017
2016
2016
2016
2016
2016
2017
2018
2018
2018
2018
2017
2017
2017
2017
2017
2018
2017
2017
2018
2018
2018
2018
2018
2017
2017
2017
2016
2008
1995
1985
1981
1987
2002
2035
2099
2169
2222
2272
2321
2369
2413
2467
2517
2550
2568
2576
2576
2567
2554
2534
2508
2476
2437
2386
2305
2219
2156
2101
2046
1986
1928
1891
1884
1894
1914
1932
1951
1971
1980
1982
1983
1983
1982
1983
1983
1983
1983
1984
1984
1983
1983
1983
1983
1984
1983
1983
1983
1983
1983
1984
1984
1984
1984
1984
1984
1984
1984
1984
1984
1984
1985
1985
1985
1987
1989
1990
1993
1996
1998
1999
2000
2000
2002
2004
2005
2005
2007
2009
2010
2012
2013
2014
2017
2022
2027
2033
2036
2040
2045
2053
2060
2067
2072
2078
2084
2089
2094
2099
2105
2110
2113
2114
2116
2117
2119
2121
2121
2118
2115
2115
2115
2114
2112
2109
2107
2102
2095
2091
2088
2086
2081
2078
2074
2070
2065
2060
2057
2054
2051
2050
2049
2047
2044
2040
2039
2037
2036
2034
2032
2031
2030
2028
2026
2023
2021
2019
2019
2018
2016
2014
2013
2013
2013
2013
2013
2013
2013
2013
2013
2013
2014
2014
2014
2015
2014
2014
2014
2013
2013
2014
2014
2014
2014
2015
2015
2014
2014
2014
2014
2014
2014
2015
2015
2015
2015
2015
2014
2015
2015
2015
2015
2015
2015
2015
2015
2015
2015
2015
2015
2015
2016
2016
2016
2016
2016
2016
2016
2015
2015
2016
2015
2016
2017
2016
2016
2016
2015
2015
2015
2015
2016
2016
2016
2016
2016
2016
2017
2016
2016
2016
2016
2016
2016
2016
2016
2017
2017
2016
2016
2017
2017
2017
2016
2017
2017
2017
2017
2017
2017
2017
2017
2017
2017
2017
2017
2017
2017
2017
2017
2017
2020
2024
2029
2034
2039
2043
2045
2050
2053
2056
2057
2058
2059
2060
2059
2057
2057
2057
2057
2057
2056
2054
2052
2051
2049
2046
2043
2040
2038
2035
2032
2030
2028
2025
2023
2020
2018
2017
2017
2017
2017
2017
2017
2018
2017
2018
2017
2017
2018
2017
2018
2018
2017
2017
2018
2018
2019
2019
2018
2018
2017
2017
2018
2019
2019
2019
2018
2018
2016
2008
1995
1985
1981
1988
2003
2037
2101
2170
2224
2274
2322
2368
2413
2467
2518
2552
2570
2577
2576
2567
2554
2535
2509
2477
2437
2388
2306
2221
2157
2102
2046
1987
1928
1892
1884
1895
1915
1932
1952
1971
1981
1983
1982
1983
1983
1983
1983
1984
1984
1984
1983
1983
1983
1984
1983
1984
1984
1984
1984
1985
1984
1984
1983
1984
1984
1984
1985
1985
1985
1985
1985
1985
1985
1985
1985
1987
1990
1991
1994
1996
1997
1999
2000
2001
2003
2005
2006
2007
2007
2010
2011
2012
2012
2014
2018
2023
2029
2034
2037
2041
2045
2052
2060
2067
2072
2078
2084
2090
2095
2100
2105
2110
2113
2115
2116
2117
2120
2123
2123
2120
2116
2115
2115
2114
2112
2110
2108
2102
2097
2092
2090
2086
2082
2078
2075
2070
2065
2061
2057
2054
2052
2050
2048
2047
2044
2041
2040
2038
2037
2035
2033
2033
2031
2029
2025
2023
2021
2021
2020
2019
2016
2014
2014
2014
2013
2013
2013
2013
2014
2015
2014
2014
2014
2013
2014
2014
2014
2014
2014
2014
2014
2015
2014
2014
2014
2014
2014
2014
2014
2014
2014
2015
2015
2015
2014
2014
2014
2015
2015
2015
2015
2015
2015
2015
2015
2015
2015
2015
2015
2015
2016
2016
2016
2015
2015
2014
2014
2015
2016
2016
2015
2016
2016
2015
2016
2015
2015
2015
2016
2016
2016
2015
2016
2016
2016
2016
2016
2015
2016
2016
2016
2016
2016
2016
2016
2016
2016
2016
2016
2017
2016
2016
2017
2017
2017
2017
2016
2016
2016
2016
2016
2016
2017
2017
2017
2017
2016
2017
2017
2017
2016
2017
2020
2025
2029
2033
2037
2043
2045
2050
2053
2056
2057
2057
2059
2060
2058
2058
2057
2057
2057
2056
2055
2054
2052
2051
2048
2045
2043
2040
2038
2036
2034
2031
2029
2025
2021
2019
2017
2017
2017
2018
2017
2018
2017
2018
2018
2017
2017
2017
2017
2017
2018
2018
2017
2018
2018
2018
2018
2018
2018
2018
2018
2018
2018
2018
2018
2018
2018
2017
2016
2008
1995
1984
1981
1988
2003
2037
2101
2170
2223
2272
2321
2369
2414
2467
2518
2550
2568
2576
2577
2567
2554
2535
2510
2476
2438
2388
2307
2221
2156
2101
2046
1987
1929
1892
1884
1894
1914
1932
1953
1971
1980
1982
1983
1984
1984
1983
1983
1983
1983
1983
1984
1983
1983
1984
1985
1985
1984
1983
1983
1983
1984
1984
1985
1986
1985
1985
1985
1985
1984
1985
1985
1985
1985
1985
1986
1988
1991
1991
1993
1995
1996
1999
2001
2001
2004
2006
2007
2006
2007
2008
2010
2012
2013
2015
2017
2022
2027
2034
2037
2040
2045
2052
2060
2067
2073
2079
2084
2090
2095
2099
2105
2110
2114
2116
2117
2118
2120
2122
2122
2119
2116
2115
2115
2115
2113
2111
2108
2102
2097
2092
2089
2086
2082
2079
2075
2071
2066
2062
2058
2054
2051
2050
2049
2048
2044
2042
2040
2038
2037
2035
2032
2031
2030
2029
2027
2025
2022
2021
2020
2019
2017
2014
2013
2014
2013
2013
2014
2014
2015
2014
2014
2014
2014
2015
2015
2015
2015
2015
2015
2015
2014
2013
2014
2014
2015
2015
2015
2015
2015
2014
2014
2014
2015
2015
2015
2015
2015
2015
2015
2015
2015
2015
2015
2015
2016
2016
2015
2015
2015
2015
2015
2015
2015
2015
2015
2015
2015
2015
2016
2015
2015
2015
2015
2015
2016
2016
2016
2016
2015
2016
2016
2015
2015
2015
2016
2016
2016
2017
2017
2016
2016
2016
2016
2016
2016
2016
2017
2017
2017
2016
2016
2017
2016
2016
2016
2017
2017
2017
2016
2016
2017
2016
2016
2017
2017
2017
2017
2017
2017
2017
2019
2024
2028
2033
2037
2042
2046
2051
2054
2057
2057
2057
2059
2059
2057
2057
2057
2057
2057
2057
2055
2053
2051
2050
2047
2044
2043
2040
2038
2035
2033
2030
2028
2023
2020
2019
2018
2018
2018
2018
2017
2017
2017
2018
2018
2017
2018
2018
2017
2017
2017
2018
2017
2018
2017
2018
2018
2018
2018
2018
2018
2018
2017
2017
2016
2017
2018
2018
2017
2008
1996
1985
1981
1987
2003
2037
2100
2169
2223
2272
2321
2368
2413
2466
2517
2550
2568
2575
2576
2567
2554
2535
2509
2476
2437
2388
2307
2220
2157
2103
2047
1987
1928
1890
1884
1894
1914
1932
1953
1971
1980
1982
1983
1983
1982
1983
1983
1983
1983
1983
1983
1984
1984
1983
1983
1983
1983
1983
1983
1984
1984
1984
1984
1983
1984
1984
1984
1983
1984
1984
1984
1984
1985
1985
1985
1987
1989
1990
1992
1994
1997
1999
2000
2001
2002
2004
2005
2006
2007
2009
2011
2012
2013
2014
2018
2023
2027
2033
2036
2040
2046
2052
2061
2067
2073
2079
2084
2090
2095
2100
2104
2110
2113
2116
2117
2117
2119
2121
2122
2119
2117
2116
2115
2114
2112
2110
2107
2102
2096
2092
2089
2087
2082
2078
2075
2070
2065
2061
2057
2054
2052
2050
2049
2047
2043
2041
2039
2037
2036
2035
2033
2032
2031
2029
2026
2024
2022
2020
2019
2018
2016
2014
2014
2014
2014
2014
2014
2014
2013
2013
2013
2013
2013
2014
2014
2014
2014
2014
2014
2014
2014
2014
2015
2015
2015
2015
2014
2015
2014
2014
2014
2014
2014
2015
2015
2015
2015
2015
2015
2015
2014
2015
2015
2015
2016
2016
2015
2015
2014
2014
2015
2015
2015
2015
2015
2015
2015
2015
2015
2015
2015
2015
2015
2015
2016
2017
2016
2015
2015
2015
2015
2015
2016
2016
2016
2016
2016
2016
2016
2016
2016
2016
2016
2016
2016
2016
2016
2017
2016
2016
2015
2015
2016
2016
2017
2017
2017
2017
2017
2017
2017
2016
2016
2017
2017
2017
2017
2017
2017
2017
2017
2017
2019
2024
2028
2033
2038
2043
2047
2050
2053
2055
2056
2057
2059
2059
2058
2057
2057
2058
2057
2057
2056
2054
2052
2051
2049
2045
2043
2040
2038
2035
2032
2030
2028
2024
2022
2020
2019
2018
2017
2017
2016
2017
2017
2018
2018
2018
2018
2017
2017
2017
2017
2017
2017
2018
2018
2018
2018
2017
2017
2017
2018
2018
2018
2018
2018
2018
2019
2019
2016
2008
1995
1984
1981
1987
2003
2037
2101
2169
2222
2272
2320
2369
2412
2465
2517
2551
2569
2577
2576
2567
2553
2534
2509
2477
2437
2388
2307
2222
2157
2103
2047
1987
1928
1893
1885
1894
1915
1932
1952
1971
1980
1982
1982
1983
1983
1983
1983
1984
1984
1983
1983
1984
1984
1984
1984
1984
1984
1984
1984
1984
1984
1984
1984
1985
1984
1984
1984
1985
1985
1985
1985
1985
1985
1985
1985
1988
1990
1991
1993
1996
1998
1999
2000
1999
2002
2004
2006
2007
2007
2008
2010
2011
2012
2014
2017
2022
2028
2034
2038
2041
2046
2052
2059
2066
2072
2078
2084
2090
2095
2100
2105
2110
2113
2114
2116
2118
2119
2122
2122
2119
2116
2115
2114
2114
2111
2110
2108
2103
2097
2092
2089
2086
2081
2077
2074
2070
2066
2061
2058
2054
2052
2050
2048
2047
2044
2041
2039
2039
2037
2035
2033
2032
2030
2029
2026
2023
2022
2020
2020
2019
2017
2015
2014
2014
2013
2014
2014
2014
2014
2015
2014
2014
2014
2014
2014
2013
2013
2014
2014
2014
2014
2014
2014
2014
2014
2014
2014
2014
2014
2015
2015
2015
2014
2014
2014
2014
2014
2015
2014
2015
2015
2016
2015
2015
2015
2015
2014
2015
2015
2015
2015
2015
2015
2015
2015
2015
2015
2015
2015
2015
2016
2016
2016
2015
2015
2015
2015
2015
2015
2015
2016
2017
2016
2016
2016
2015
2015
2015
2015
2016
2016
2016
2015
2016
2015
2016
2015
2016
2017
2016
2017
2017
2017
2017
2017
2016
2016
2015
2016
2017
2017
2017
2017
2017
2017
2016
2016
2017
2017
2017
2017
2017
2020
2025
2029
2033
2037
2042
2045
2050
2054
2056
2057
2058
2059
2059
2057
2057
2057
2057
2057
2057
2055
2053
2052
2051
2049
2044
2042
2040
2037
2035
2033
2030
2029
2025
2021
2019
2017
2017
2017
2017
2018
2018
2017
2017
2017
2017
2017
2018
2017
2018
2018
2018
2018
2018
2018
2017
2018
2018
2018
2018
2018
2018
2018
2017
2017
2017
2017
2017
2016
2008
1995
1985
1982
1987
2002
2036
2099
2169
2223
2272
2320
2368
2412
2466
2517
2550
2568
2576
2575
2567
2553
2535
2509
2477
2438
2388
2307
2222
2156
2102
2047
1988
1930
1893
1885
1894
1914
1932
1953
1971
1980
1983
1984
1984
1984
1983
1982
1983
1983
1984
1984
1984
1984
1984
1984
1984
1983
1984
1984
1984
1984
1985
1985
1985
1985
1985
1985
1985
1985
1985
1985
1985
1985
1985
1986
1987
1989
1991
1993
1995
1998
1999
2000
2001
2003
2005
2006
2006
2006
2009
2010
2011
2012
2014
2018
2022
2028
2033
2036
2040
2046
2053
2060
2067
2073
2078
2084
2090
2095
2100
2104
2109
2113
2115
2117
2118
2120
2122
2122
2119
2115
2115
2115
2114
2112
2110
2108
2102
2097
2093
2090
2087
2082
2079
2075
2071
2066
2062
2058
2055
2052
2049
2047
2046
2043
2041
2039
2038
2037
2034
2032
2031
2031
2029
2026
2024
2021
2020
2020
2019
2017
2015
2014
2014
2014
2014
2015
2014
2014
2013
2013
2013
2014
2014
2014
2014
2014
2014
2014
2014
2013
2014
2013
2014
2015
2015
2015
2015
2014
2014
2015
2015
2015
2015
2015
2015
2015
2015
2015
2015
2014
2015
2015
2015
2015
2015
2015
2015
2015
2015
2015
2015
2015
2015
2015
2016
2016
2016
2016
2015
2015
2015
2015
2015
2015
2016
2016
2016
2015
2015
2015
2015
2015
2015
2016
2016
2017
2017
2017
2017
2017
2016
2017
2017
2017
2017
2017
2017
2017
2017
2017
2016
2016
2016
2016
2017
2017
2017
2017
2017
2017
2017
2016
2017
2017
2018
2017
2017
2016
2017
2020
2024
2029
2033
2038
2042
2046
2051
2054
2056
2057
2057
2058
2059
2057
2057
2057
2057
2057
2057
2056
2054
2051
2050
2048
2045
2043
2040
2037
2035
2032
2030
2028
2024
2021
2019
2018
2018
2017
2017
2017
2017
2017
2017
2017
2017
2017
2017
2018
2018
2018
2018
2017
2017
2017
2018
2018
2018
2019
2018
2018
2018
2018
2018
2018
2018
2018
2018
2017
2008
1995
1984
1981
1987
2002
2036
2100
2168
2222
2272
2320
2367
2411
2465
2516
2550
2568
2576
2576
2566
2553
2535
2509
2476
2438
2387
2307
2221
2157
2102
2047
1988
1929
1892
1883
1894
1914
1932
1953
1972
1980
1983
1983
1983
1983
1983
1983
1983
1983
1983
1983
1984
1984
1983
1983
1983
1983
1984
1983
1983
1983
1983
1984
1984
1985
1984
1984
1983
1984
1984
1985
1986
1985
1985
1985
1987
1989
1990
1993
1995
1998
2000
2001
2001
2002
2004
2005
2006
2007
2009
2010
2012
2012
2014
2017
2022
2027
2033
2037
2041
2047
2053
2060
2066
2072
2078
2084
2090
2095
2100
2105
2110
2113
2115
2117
2117
2120
2121
2122
2120
2116
2116
2115
2115
2112
2109
2107
2102
2096
2092
2090
2087
2083
2079
2076
2071
2066
2061
2057
2054
2051
2050
2048
2048
2044
2041
2039
2038
2037
2035
2033
2032
2031
2029
2026
2024
2021
2019
2019
2019
2017
2014
2014
2014
2014
2013
2014
2014
2013
2014
2013
2014
2014
2014
2015
2014
2013
2014
2014
2014
2014
2015
2015
2015
2014
2015
2014
2014
2015
2015
2014
2015
2015
2015
2015
2015
2015
2015
2015
2015
2014
2015
2015
2015
2015
2015
2015
2015
2015
2015
2014
2015
2015
2015
2016
2016
2015
2015
2015
2015
2015
2015
2015
2015
2015
2016
2016
2016
2016
2016
2015
2015
2015
2016
2016
2016
2016
2016
2016
2016
2016
2016
2016
2017
2017
2018
2017
2017
2017
2016
2015
2016
2016
2017
2017
2017
2017
2016
2016
2016
2017
2017
2017
2017
2017
2017
2017
2017
2017
2017
2017
2016
2020
2024
2029
2034
2038
2043
2048
2051
2053
2056
2056
2057
2059
2060
2058
2058
2057
2058
2057
2056
2055
2054
2052
2051
2049
2045
2044
2040
2037
2035
2033
2030
2028
2025
2022
2021
2019
2017
2017
2017
2017
2018
2018
2018
2018
2018
2018
2017
2017
2017
2017
2017
2017
2018
2018
2019
2018
2017
2017
2018
2018
2018
2017
2018
2018
2018
2019
2019
2017
2008
1995
1984
1981
1988
2003
2037
2100
2169
2223
2271
2319
2367
2412
2465
2516
2551
2569
2577
2577
2567
2554
2535
2508
2476
2438
2389
2308
2223
2158
2103
2047
1988
1929
1892
1884
1894
1914
1932
1952
1971
1979
1982
1983
1983
1983
1984
1984
1984
1983
1983
1983
1984
1983
1984
1984
1983
1984
1985
1984
1984
1984
1984
1983
1984
1984
1984
1985
1985
1984
1984
1985
1985
1984
1985
1985
1987
1990
1991
1993
1996
1997
1999
2000
2000
2002
2004
2006
2007
2008
2009
2010
2012
2013
2014
2018
2022
2028
2034
2037
2040
2046
2053
2061
2067
2072
2078
2084
2090
2095
2100
2104
2109
2112
2114
2116
2117
2119
2122
2122
2119
2115
2114
2114
2114
2112
2109
2107
2102
2096
2093
2089
2087
2082
2078
2074
2070
2065
2061
2058
2055
2051
2050
2049
2047
2044
2041
2039
2038
2038
2035
2033
2031
2030
2029
2026
2023
2021
2020
2020
2020
2018
2014
2014
2014
2014
2013
2013
2014
2014
2013
2014
2014
2014
2013
2013
2013
2013
2014
2014
2015
2014
2014
2014
2013
2013
2013
2014
2015
2015
2015
2015
2015
2014
2014
2014
2014
2014
2014
2015
2015
2015
2015
2015
2015
2015
2015
2015
2014
2015
2015
2015
2015
2015
2015
2015
2015
2015
2015
2015
2016
2015
2015
2016
2016
2015
2015
2015
2015
2016
2016
2016
2016
2015
2015
2015
2016
2016
2015
2015
2015
2016
2016
2016
2016
2015
2015
2015
2016
2016
2016
2016
2016
2017
2016
2015
2015
2015
2016
2016
2016
2016
2016
2017
2017
2016
2016
2016
2016
2017
2017
2017
2018
2020
2024
2029
2033
2037
2041
2045
2049
2053
2055
2057
2057
2058
2058
2056
2056
2057
2057
2057
2057
2055
2053
2051
2050
2047
2044
2043
2040
2037
2035
2033
2030
2028
2024
2020
2018
2017
2016
2016
2017
2017
2017
2016
2016
2016
2016
2016
2017
2017
2017
2017
2017
2017
2017
2016
2017
2016
2017
2017
2017
2018
2018
2018
2017
2017
2017
2016
2017
2016
2007
1996
1985
1982
1987
2001
2034
2099
2167
2221
2271
2320
2368
2412
2465
2516
2550
2568
2575
2575
2567
2554
2535
2509
2476
2438
2388
2308
2223
2158
2103
2048
1989
1930
1893
1884
1893
1914
1931
1952
1970
1980
1983
1983
1983
1983
1983
1983
1982
1983
1983
1984
1984
1984
1984
1984
1983
1983
1984
1984
1983
1983
1984
1985
1985
1985
1985
1984
1983
1984
1984
1985
1985
1985
1985
1985
1987
1989
1990
1993
1995
1997
1999
2000
2000
2002
2005
2005
2006
2006
2008
2010
2011
2013
2015
2018
2022
2028
2033
2036
2040
2046
2053
2060
2067
2073
2079
2085
2089
2095
2099
2104
2109
2113
2115
2117
2118
2120
2121
2122
2120
2116
2115
2114
2114
2112
2111
2109
2102
2096
2092
2089
2086
2081
2079
2076
2071
2065
2062
2058
2054
2052
2050
2049
2047
2044
2041
2039
2038
2037
2035
2032
2031
2031
2029
2026
2024
2021
2020
2020
2019
2017
2014
2014
2014
2014
2015
2014
2014
2014
2014
2014
2014
2014
2014
2014
2015
2014
2014
2014
2014
2014
2014
2014
2014
2014
2014
2014
2014
2014
2014
2014
2014
2014
2014
2015
2015
2015
2015
2014
2014
2014
2014
2015
2015
2015
2015
2015
2015
2014
2014
2014
2015
2014
2015
2015
2015
2015
2016
2015
2015
2015
2015
2015
2015
2015
2015
2015
2016
2016
2016
2015
2015
2015
2015
2016
2016
2016
2016
2016
2016
2016
2016
2015
2015
2015
2015
2016
2017
2017
2017
2017
2016
2016
2017
2017
2017
2016
2016
2017
2017
2017
2017
2016
2016
2016
2017
2017
2017
2017
2017
2019
2024
2028
2032
2037
2042
2045
2050
2054
2056
2057
2057
2058
2058
2057
2057
2056
2057
2057
2056
2055
2053
2051
2050
2048
2045
2043
2040
2037
2036
2033
2030
2028
2024
2021
2019
2018
2017
2017
2017
2018
2017
2017
2017
2016
2017
2017
2017
2017
2018
2018
2018
2017
2017
2017
2017
2018
2018
2018
2018
2018
2018
2018
2018
2018
2018
2017
2018
2017
2009
1996
1985
1980
1986
2002
2036
2099
2167
2222
2271
2320
2367
2410
2463
2516
2550
2568
2576
2576
2567
2554
2535
2509
2476
2437
2388
2308
2223
2158
2103
2048
1988
1929
1891
1884
1893
1913
1931
1951
1971
1980
1983
1983
1982
1982
1983
1983
1983
1983
1984
1983
1983
1983
1983
1983
1983
1983
1983
1984
1984
1984
1984
1984
1984
1984
1984
1984
1984
1984
1984
1985
1985
1985
1984
1984
1987
1989
1991
1993
1996
1998
1999
2000
2000
2002
2004
2005
2006
2006
2009
2011
2012
2013
2014
2018
2022
2027
2033
2037
2040
2045
2052
2060
2067
2073
2078
2084
2089
2094
2099
2105
2110
2113
2115
2116
2118
2120
2122
2123
2119
2115
2115
2115
2115
2112
2109
2107
2102
2097
2093
2089
2087
2082
2078
2074
2070
2065
2061
2057
2055
2052
2050
2049
2047
2044
2042
2039
2038
2036
2034
2032
2031
2031
2028
2026
2023
2021
2019
2019
2019
2017
2014
2014
2014
2014
2014
2013
2013
2013
2014
2014
2014
2014
2015
2014
2014
2014
2014
2013
2014
2014
2014
2014
2014
2014
2014
2014
2014
2014
2014
2015
2014
2015
2015
2015
2014
2015
2015
2014
2015
2015
2015
2015
2015
2015
2015
2015
2015
2015
2015
2015
2015
2015
2016
2015
2015
2015
2015
2015
2015
2014
2015
2015
2015
2015
2015
2015
2015
2015
2015
2015
2015
2015
2016
2016
2016
2016
2015
2015
2015
2015
2016
2016
2016
2016
2017
2017
2016
2015
2015
2015
2016
2016
2016
2016
2017
2017
2016
2016
2015
2016
2016
2017
2017
2017
2017
2017
2016
2016
2017
2016
2016
2019
2024
2029
2033
2038
2043
2045
2050
2053
2055
2056
2057
2059
2060
2057
2056
2057
2057
2057
2056
2055
2053
2052
2052
2050
2046
2043
2040
2038
2035
2033
2031
2028
2024
2021
2020
2018
2018
2017
2017
2017
2017
2018
2018
2017
2017
2018
2017
2017
2018
2017
2017
2017
2018
2018
2018
2017
2017
2017
2017
2017
2018
2018
2017
2018
2018
2018
2018
2016
2008
1995
1984
1981
1987
2002
2035
2098
2167
2221
2271
2319
2367
2412
2465
2516
2550
2568
2576
2576
2566
2554
2534
2508
2475
2438
2390
2310
2223
2158
2103
2048
1989
1929
1892
1884
1894
1914
1932
1952
1971
1979
1981
1982
1983
1983
1983
1984
1983
1983
1983
1983
1983
1983
1984
1984
1983
1984
1984
1984
1983
1984
1984
1985
1985
1985
1984
1984
1985
1985
1985
1985
1984
1984
1985
1985
1988
1990
1991
1993
1996
1997
1999
2000
2000
2002
2004
2006
2006
2007
2008
2010
2011
2012
2014
2018
2022
2028
2034
2037
2040
2045
2052
2059
2067
2072
2078
2084
2090
2095
2100
2104
2109
2112
2114
2116
2118
2120
2122
2122
2119
2116
2114
2114
2113
2111
2109
2108
2103
2097
2093
2089
2085
2081
2077
2074
2070
2066
2062
2058
2054
2051
2049
2047
2045
2043
2041
2039
2039
2037
2035
2033
2031
2030
2028
2025
2024
2022
2021
2020
2019
2017
2015
2014
2014
2013
2013
2013
2014
2014
2014
2014
2013
2013
2014
2014
2014
2014
2014
2014
2014
2015
2014
2014
2014
2013
2013
2014
2015
2014
2015
2015
2015
2014
2014
2014
2014
2014
2015
2015
2015
2015
2014
2014
2015
2014
2014
2015
2014
2015
2015
2015
2015
2015
2015
2015
2014
2015
2014
2014
2014
2015
2016
2016
2015
2015
2015
2015
2015
2016
2016
2015
2015
2015
2015
2016
2015
2015
2015
2015
2016
2017
2017
2016
2015
2015
2015
2015
2015
2015
2016
2017
2017
2017
2016
2015
2015
2016
2017
2017
2018
2017
2017
2017
2017
2016
2016
2016
2017
2016
2017
2016
2017
2020
2024
2029
2033
2037
2042
2046
2050
2054
2056
2057
2058
2058
2059
2058
2057
2057
2057
2056
2056
2055
2053
2051
2050
2047
2044
2042
2040
2037
2035
2033
2030
2028
2024
2021
2018
2017
2017
2017
2017
2017
2017
2017
2017
2017
2017
2018
2018
2018
2018
2017
2017
2017
2017
2018
2017
2017
2018
2018
2018
2018
2018
2018
2017
2018
2018
2018
2018
2017
2008
1996
1986
1982
1987
2002
2034
2098
2166
2222
2271
2320
2368
2412
2466
2516
2550
2567
2576
2576
2568
2555
2536
2510
2478
2439
2390
2309
2223
2158
2103
2048
1988
1930
1892
1884
1894
1914
1932
1952
1971
1979
1982
1984
1984
1983
1983
1983
1983
1983
1983
1983
1984
1984
1984
1984
1983
1984
1983
1983
1983
1983
1984
1985
1985
1984
1984
1984
1984
1984
1984
1984
1985
1985
1985
1985
1987
1989
1991
1993
1996
1998
1999
2000
2001
2003
2004
2005
2005
2006
2008
2010
2011
2013
2014
2018
2023
2028
2033
2036
2040
2046
2053
2060
2067
2072
2078
2084
2089
2095
2099
2105
2110
2113
2116
2117
2117
2119
2121
2122
2119
2115
2115
2115
2114
2112
2110