10
10
10
10
10
10
10
9
7
7
7
7
7
9
10
8
7
6
6
8
9
8
4
-2
-6
-7
-8
-9
-7
-3
-8
-17
-19
-18
-26
-37
-26
-10
-4
0
-8
-17
-16
-16
-16
-17
-17
-13
22
49
32
17
14
13
13
9
-2
0
25
49
69
71
52
31
9
3
10
13
13
6
-6
-14
-22
-19
-14
-8
-2
-1
0
-4
-10
-18
-26
-4
19
60
100
148
185
134
81
16
-37
-47
-54
-50
-46
-43
-39
-36
-35
-37
-36
-34
-28
-17
-12
-12
-14
-18
-28
-40
-44
-44
-32
-16
-10
-7
-14
-22
-31
-41
-46
-50
-39
-28
2
31
31
28
0
-20
0
16
22
34
64
76
42
10
-20
-34
-21
-2
23
36
31
24
12
1
-9
-19
-28
-28
-24
-21
-18
-18
-18
-20
-22
-22
-22
-22
-22
-24
-27
-28
-28
-26
-25
-26
-27
-30
-32
-29
-26
-26
-27
-32
-34
-31
-29
-29
-26
-18
-16
-20
-24
-28
-30
-30
-24
-13
-13
-19
-25
-29
-27
-23
-23
-23
-27
-32
-32
-32
-30
-28
-29
-31
-37
-42
-30
-15
22
63
122
171
181
167
83
9
-40
-70
-61
-55
-50
-45
-41
-38
-37
-37
-37
-37
-37
-36
-35
-36
-38
-36
-31
-33
-36
-37
-37
-36
-34
-32
-30
-31
-34
-35
-35
-33
-30
-25
-21
-21
-19
-13
-7
-5
-4
-7
-8
-6
-4
-1
2
6
10
13
14
12
10
8
13
22
23
19
7
-6
-7
-3
-6
-11
-12
-13
-3
8
0
-7
-16
-24
-21
-17
3
18
2
-12
-24
-31
-27
-22
-16
-11
-8
-7
-12
-14
-11
-9
-7
-6
-6
-6
-6
-5
-4
-7
-12
-11
-8
-8
-8
-9
-10
-12
-13
-10
-6
-10
-15
-15
-15
-18
-21
-16
-12
-20
-24
-11
3
23
47
85
124
165
168
101
37
-23
-54
-45
-39
-36
-34
-33
-31
-28
-26
-26
-25
-24
-23
-22
-20
-19
-19
-19
-23
-27
-25
-23
-25
-29
-19
-10
0
6
-5
-17
-30
-39
-36
-32
-24
-16
-9
2
20
35
45
41
18
3
-5
-5
0
5
8
11
14
15
15
16
18
16
12
9
6
3
0
0
0
-2
-4
-6
-7
-7
-6
-4
-3
-3
-3
-3
-4
-5
-6
-7
-7
-4
-3
-6
-7
-4
-2
-1
-2
-5
-9
-13
-10
-1
9
22
28
30
24
15
-1
-20
-30
-38
-29
-17
-6
4
11
18
9
0
-11
-21
-20
-19
-19
-18
-15
-16
-28
-30
-10
13
43
81
129
153
145
100
15
-33
-52
-57
-53
-50
-48
-40
-29
-16
-3
2
6
0
-7
-12
-17
-24
-31
-32
-32
-22
-14
-18
-21
-20
-18
-18
-17
-17
-16
-11
-7
-3
0
-2
-5
-9
-9
-3
2
6
15
28
29
21
18
18
20
24
27
29
28
27
20
11
10
10
9
9
8
8
3
0
0
0
0
0
-4
-6
-5
-3
-2
-1
0
-1
-4
-6
-4
-3
-2
-1
-1
-1
-1
-2
-4
-3
0
0
1
1
1
2
3
7
12
11
10
6
2
2
3
2
0
0
0
3
7
12
15
6
-2
-9
-15
-17
-16
-9
-6
-12
-15
-13
-7
6
27
56
108
179
199
181
97
-26
-60
-50
-37
-22
-20
-23
-12
1
0
-4
-12
-20
-16
-11
-8
-7
-11
-16
-16
-15
-13
-9
-2
2
1
0
-3
-6
-6
-6
-4
-3
-2
11
40
50
43
26
0
-7
-1
6
15
21
26
32
37
39
40
42
44
47
50
48
46
42
38
36
33
30
27
23
19
17
14
13
13
13
13
13
13
13
12
11
11
13
12
8
8
13
16
18
17
13
12
11
9
8
9
10
19
29
33
35
41
47
46
44
21
0
13
23
10
0
0
1
8
14
14
13
13
13
13
13
11
9
7
5
3
5
10
17
28
47
71
111
158
163
150
82
-3
-27
-36
-19
2
29
56
37
17
-7
-29
-27
-24
-16
-8
-3
0
1
3
3
2
2
2
4
6
9
11
11
11
14
15
15
15
17
19
22
27
32
34
34
36
39
44
50
50
50
53
57
58
59
57
56
56
56
55
53
49
45
39
34
31
29
28
28
28
28
28
28
29
30
32
30
25
25
29
35
43
43
39
32
23
22
23
26
29
31
32
31
30
29
28
30
33
34
35
40
45
45
45
43
41
40
38
34
31
30
29
29
30
32
30
22
16
12
10
11
13
15
12
6
2
0
6
14
35
59
110
167
171
166
94
14
-9
-31
-34
-36
-24
-12
0
11
16
19
11
1
-12
-23
-23
-22
-17
-15
-16
-17
-19
-21
-21
-21
-21
-22
-24
-25
-26
-22
-16
-11
-5
-6
-9
-8
-6
-3
0
1
3
4
4
6
9
10
11
11
11
11
10
10
9
8
6
4
2
0
-2
-5
-6
-6
-3
0
4
8
2
-11
-18
-20
-13
-2
-1
-5
-13
-22
-22
-20
-17
-15
-14
-13
-12
-12
-11
-11
-11
-12
-14
-16
-11
-6
-4
-1
0
0
-1
-3
-5
-6
-3
-2
-4
-6
-10
-10
-5
-2
0
-1
-3
-6
-10
-12
-12
-12
-13
-13
-13
-16
-21
-12
-2
18
39
103
170
147
121
26
-58
-56
-52
-44
-35
-27
-19
-10
-5
-8
-10
-12
-12
-9
-9
-11
-12
-12
-11
-11
-11
-11
-11
-10
-10
-10
-11
-11
-10
-8
-6
-4
-2
-1
0
0
0
0
8
15
16
18
19
21
22
23
26
28
28
29
34
36
33
30
30
27
22
16
12
8
5
4
4
3
1
0
0
-2
-5
-4
-2
-1
0
-1
-2
-3
-4
-2
0
-1
-3
-3
-3
-3
-2
-1
0
0
0
0
-1
-2
-2
2
5
4
3
2
2
2
2
2
0
-1
-2
-3
-5
-7
-6
-4
-5
-6
-8
-10
-12
-13
-14
-14
-15
-16
-18
-20
-16
-12
3
21
68
113
147
162
97
32
-29
-71
-63
-54
-45
-38
-34
-31
-31
-30
-28
-27
-27
-27
-27
-28
-28
-26
-25
-25
-25
-27
-28
-28
-27
-25
-24
-23
-22
-22
-23
-20
-17
-13
-10
-12
-15
-15
-14
-8
-2
0
2
1
1
3
6
9
10
9
8
8
8
8
8
7
5
2
0
-3
-5
-6
-7
-7
-8
-9
-10
-10
-12
-13
-12
-11
-7
-4
-7
-10
-10
-9
-7
-6
-6
-6
-8
-9
-7
-6
-6
-6
-6
-6
-5
-4
-4
-3
-1
0
2
2
0
0
-2
-2
-2
-4
-9
-6
-2
-4
-7
-7
-7
-8
-10
-12
-15
-17
-19
-18
-18
-20
-20
-9
5
34
70
134
180
180
141
21
-57
-68
-69
-58
-47
-36
-31
-31
-29
-26
-25
-26
-24
-21
-22
-25
-27
-30
-28
-26
-24
-23
-25
-27
-28
-28
-27
-26
-23
-20
-20
-21
-24
-26
-24
-21
-17
-14
-11
-8
-4
0
3
5
4
4
4
5
5
6
8
12
16
15
11
9
8
8
9
6
0
-4
-10
-12
-13
-12
-11
-6
0
0
2
6
10
7
4
0
-6
-11
-18
-27
-30
-17
-4
6
12
7
2
-3
0
15
26
33
25
5
-1
-1
-2
-4
-9
-14
-12
-6
-7
-8
-14
-21
-15
-8
15
41
31
21
20
22
43
57
24
-6
-32
-47
-26
-8
0
9
15
42
100
143
163
142
75
27
-2
-12
-6
-6
-10
-11
-10
-14
-20
-18
-13
5
29
29
24
-12
-54
-48
-39
-8
21
-3
-26
-19
-12
-7
-5
-16
-25
-25
-23
-17
-13
-11
-8
-3
9
34
43
32
39
64
75
75
41
-14
-32
-29
-17
-2
6
14
21
28
43
59
48
32
16
0
-16
-33
-27
-20
-17
-14
-12
-9
-6
-4
-7
-10
-11
-12
-10
-9
-9
-9
-10
-11
-12
-11
-9
-8
-8
-6
-1
2
5
15
28
23
11
-7
-28
-33
-33
-23
-13
-10
-9
-10
-12
-13
-14
-9
-3
4
10
0
-9
-15
-16
-2
0
-22
-35
-29
-16
9
21
15
43
108
169
225
200
113
36
-33
-52
-45
-39
-35
-27
-19
-7
5
4
1
-7
-16
-9
-1
5
10
3
-4
-13
-21
-13
-7
-3
0
-3
-7
-13
-17
-18
-15
-6
-2
-6
-6
-2
0
0
1
3
5
8
14
20
21
20
24
29
28
25
20
14
13
12
12
13
13
12
16
20
9
0
-5
-10
-16
-11
35
59
15
-17
-24
-26
-18
-15
-20
-22
-20
-18
-16
-13
-7
-7
-10
-11
-9
-7
-6
-4
-1
2
6
7
7
9
11
10
9
11
14
10
6
3
1
6
12
19
24
19
12
1
-7
-7
-7
-5
-5
-7
-10
-12
-9
0
23
58
110
176
192
175
116
35
-5
-29
-31
-27
-23
-18
-13
-8
-7
-6
0
6
4
2
-10
-22
-23
-24
-21
-18
-16
-15
-16
-17
-16
-14
-13
-13
-14
-13
-11
-9
-8
-8
-8
-5
-1
1
4
5
7
8
8
11
15
16
16
16
17
19
21
23
25
24
22
20
18
14
9
8
7
7
6
5
3
1
0
0
1
1
5
15
21
21
17
7
0
-4
-6
-7
-8
-8
-6
-4
-2
0
0
0
0
0
3
7
6
5
4
3
1
0
0
0
-1
-3
-4
-6
-7
-6
-1
1
-1
-4
-10
-15
-18
-18
-15
-16
-22
-21
-14
-5
5
36
80
145
222
184
99
23
-49
-56
-46
-38
-31
-29
-28
-29
-30
-28
-26
-26
-25
-25
-24
-23
-23
-23
-23
-22
-22
-22
-23
-26
-27
-25
-22
-18
-17
-18
-17
-15
-15
-16
-14
-11
-9
-7
-3
0
2
3
5
6
8
9
9
9
10
12
17
21
17
12
10
7
5
3
1
0
-3
-5
-5
-5
-6
-6
-6
-6
-6
-7
-7
-8
-8
-7
-3
-3
-6
-8
-8
-7
-6
-6
-7
-8
-8
-7
-6
-7
-8
-7
-5
-3
-1
-1
-1
-3
-4
-3
-3
-4
-5
-9
-11
-10
-8
-6
-4
-4
-4
-7
-10
-13
-15
-15
-16
-17
-20
-24
-22
-16
0
23
63
110
147
181
135
69
9
-48
-51
-48
-40
-32
-28
-24
-21
-17
-16
-16
-21
-25
-25
-24
-20
-18
-19
-20
-21
-21
-19
-16
-14
-13
-15
-17
-19
-18
-15
-13
-11
-10
-10
-8
-7
-3
0
2
4
6
8
9
9
10
10
13
16
16
17
17
16
15
15
15
14
11
7
3
0
0
0
1
0
-3
-6
-7
-7
-5
-5
-5
-5
-5
-3
0
0
0
-2
-5
-6
-6
-9
-11
-9
-7
-6
-5
-6
-9
-10
-10
-4
1
1
2
2
2
-1
-4
-3
-2
-2
-3
-6
-8
-8
-7
-2
0
0
-2
-6
-11
-15
-16
-15
-15
-15
-16
-17
-13
-8
11
34
85
140
162
180
107
27
-16
-57
-49
-41
-35
-30
-26
-24
-24
-23
-20
-17
-16
-15
-18
-20
-20
-19
-17
-17
-19
-20
-18
-17
-15
-15
-15
-15
-15
-13
-10
-10
-11
-7
-1
0
0
0
0
3
6
7
9
14
18
18
18
20
22
24
25
24
22
21
19
18
15
11
7
4
1
0
-2
-4
-5
-3
-2
0
-2
-7
-7
-4
-5
-6
-5
-2
-2
-2
-2
-2
-1
0
-1
-3
-4
-5
-3
-1
-2
-3
-3
-2
0
1
4
6
6
5
3
2
0
0
-1
-2
-2
-2
0
0
2
2
0
-2
-5
-7
-10
-12
-14
-15
-16
-13
-9
-1
6
31
58
118
177
154
126
47
-23
-38
-48
-38
-30
-27
-25
-21
-19
-19
-19
-17
-16
-16
-16
-16
-16
-17
-18
-20
-17
-12
-11
-11
-14
-17
-16
-13
-12
-12
-12
-13
-10
-7
-4
-1
3
8
5
3
6
10
11
12
18
22
22
22
22
22
22
24
27
27
22
19
19
16
12
8
6
4
1
-1
-3
-4
-4
-2
0
0
-2
-3
-3
-3
-3
-2
-1
-1
-3
-2
-1
-1
0
0
0
-4
-7
-8
-8
-6
-4
-1
0
0
0
1
2
2
2
2
2
1
0
0
0
-1
0
0
1
1
1
0
-2
-5
-4
-2
-4
-6
-7
-7
-10
-12
-12
-10
9
31
70
108
149
166
99
35
-23
-61
-51
-43
-37
-30
-21
-17
-17
-18
-18
-19
-20
-20
-19
-18
-17
-18
-20
-19
-18
-16
-13
-13
-13
-14
-14
-14
-13
-9
-5
-4
-2
-1
0
0
0
5
10
10
11
15
19
20
22
25
27
26
27
29
30
27
28
30
28
25
21
17
13
10
8
7
4
0
0
-1
-1
0
0
0
0
0
-2
-4
-4
-3
-1
0
1
1
-2
-4
-2
0
0
0
0
0
-2
-1
0
2
2
3
5
6
6
6
8
7
5
7
10
7
2
1
0
1
2
3
3
2
0
0
-1
-4
-7
-9
-12
-12
-12
-12
-10
-3
7
30
62
115
151
157
129
51
-8
-46
-60
-52
-42
-30
-23
-19
-18
-18
-19
-19
-18
-17
-17
-17
-17
-17
-17
-16
-16
-17
-17
-16
-16
-16
-16
-16
-15
-14
-12
-10
-8
-6
-6
-6
-6
-4
-1
1
4
8
10
11
11
12
14
19
24
24
21
17
14
18
23
21
16
13
9
7
5
2
0
0
